article,d,n,cost
z22,2,19,15239, 14179353466
z23,2,19,20649, 527976141
ours,2,19,63759034, 63759034
z22,3,13,13215, 14179351442
z23,3,13,20308, 527975800
ours,3,13,60865725, 60865725
z22,4,15,13204, 14179351431
z23,4,15,20419, 527975911
ours,4,15,59927021, 59927021
z22,8,9,13846, 14179352073
z23,8,9,20849, 527976341
ours,8,9,60009397, 60009397
z22,13,13,14037, 14179352264
z23,13,13,20599, 527976091
ours,13,13,61682298, 61682298
z22,17,57,13606, 14179351833
z23,17,57,20689, 527976181
ours,17,57,65621915, 65621915